0.001
2
80,1
91,1
1000
-0.5736447689070656
0.6237807208548564
-1.0815387094618323
0.40474410364863167
0.14191199766225
-0.12148207834134907
-0.522420637445705
-1.0257443484072901
1.1683665220304342
0.6318892941736601
-0.5861906033399692
0.5518802593320521
0.32613170680140446
-0.11048970938808694
-2.138351431524137
-0.16598687003970602
0.7811118410696964
-0.47372522504109876
-0.7301409800806885
1.33204723759764
0.5934427850981522
-0.2327348719140511
1.7450787297205588
1.1394929764016424
1.5123263126289257
-1.0309922197117336
0.21222089420973436
0.7716912036391902
1.4519336704439094
0.7850446801736951
1.5126339714144232
0.028859804684033104
3.0021563674722485
0.18039366170748658
0.5133415882900375
0.44007912039002517
0.026241823451787084
-1.4299883815044487
-0.9880628910310291
-0.9148402571458853
1.0966674262158826
-0.9676419702183363
-0.47985517225318297
1.2649475444991396
0.2504428865478758
0.22984306942498628
1.083394994491991
-1.51168178545725
-2.051360725441678
0.7742346191946321
-0.5982819748511662
0.9726022119615133
0.5318682566057691
2.4807505740951963
0.9410482399339962
-1.4085510960096281
0.08755221037448889
-1.2938487372665324
0.3865965511221033
0.40428812451028173
-0.6337936140775351
-0.29047119152684553
0.0879902418631039
0.49019176494460165
0.6594170000826872
-0.2940006221519099
-1.1268861012695592
-0.48289016064316975
-0.23372126358311215
-0.019326901505080013
1.090920441841734
0.15872077397564793
1.2952045765145677
-0.9064607214734534
-0.572231722989312
0.8725817151033093
-0.9797677058858681
0.02031995723150093
-0.9148199392376353
-0.19789048538555054
-0.5326892970410387
-0.01157513153322495
1.6694070595656567
-0.44058790684296456
0.9967403817134588
1.9099156590036999
3.053520892051468
-0.4311864659334985
0.18967301011798407
-0.3898194361135532
-2.605617709187909
-0.43575504778998836
-0.2428301690028646
1.0909728064390327
0.5506140139786276
0.431074938521444
-0.01621827986369498
-0.8199904778335569
-1.5628955920163592
0.3346590536521802
1.2945318119653517
0.6722893407401804
-0.8294533915325139
-0.30505922205772124
-0.9117189170154554
1.346619305496748
-1.1190080509898392
0.2630864662349757
0.9338799551978008
0.014551611343477946
-1.177226272236918
-2.089111011478663
0.6621667596002616
-0.6358346149563219
1.3755913895538912
-0.8115535804241905
1.253206047358208
-0.3284921143010845
-0.2437442964737962
-2.898090839677357
-0.6759379076660853
-0.47369508141081806
-2.906208840584654
-0.1926060629338119
-0.19249775396513955
0.06390953435631817
0.39864590618427387
-0.6187948310797944
-2.0429323641443573
-0.42122368501828095
0.10496828192566084
0.9483686087871926
-0.542283465273384
0.271533376141997
-0.0763679881654887
-1.3683608981321995
0.4197394512947119
-0.44353930886784027
-0.8488278468472039
0.41582913392034393
-1.0078723839158497
-0.026657534005857242
-0.5558666973396148
-0.41277385774104275
0.7441942457263179
0.13280197262153048
-0.8767489431172986
-2.364416485557494
-1.027000478528358
0.6333466718222261
0.6268077999993241
-0.4508401291579385
-1.453888876795612
-1.057329029902842
-0.6172282039996421
-0.17254005654070517
1.035790653605883
-0.11697953044957064
-0.48657263617176333
1.0648777157972895
-0.9749902890972157
-0.5895091869798083
0.3674664190480269
0.3403060304923355
-1.0254171523344122
0.018531134585348198
-0.06989420229398773
-1.441511913648943
-0.8892672377540422
-1.0915968674502325
1.3433074912586902
0.6329313125068662
-0.9159301403399697
-0.6666695070515606
0.8797857208807711
-0.7115095113789667
0.8003597723715645
0.5064647146628276
0.7182860082000803
0.22003534218889073
-0.3412800454920804
0.24651661767694466
1.387092510640973
-0.8892184199467357
-0.8520336231430091
0.04900101347895059
-0.01240721967174611
0.762260543990149
0.34267745668798194
0.32590352226694375
-1.3815298625208867
-1.0513756081680046
0.36699882832068753
0.968328781371395
-0.1425375061346874
0.9417455967492273
-1.3265889146799636
1.3436048021086002
1.6777694360696465
-0.011115005661372492
0.613188416480553
-1.3413609417708676
-1.5032149927447906
0.22239624043114514
1.533462085996373
0.8446459421645942
-0.10052487959968409
-0.4149374791546383
-0.4304127447953708
-0.0867803673705916
-0.5854080243851137
-1.557686402699473
1.4483256553952462
0.16305129245294406
-0.41767247375089334
0.29632582724858963
-0.049932758937395155
0.3393431034701546
-1.3397757437056743
-0.560075695962533
-0.4669057072594612
1.24129421764601
0.39381724928313305
0.30235675618656394
0.5320663640919465
1.1406509538067464
0.3940976904507964
0.9210413340308526
-0.977787873267367
0.5262397555171902
1.235978425963681
-0.9839655133102305
0.28966191134872554
0.5514801689583807
0.24366671550377583
2.356796173339391
-0.3628807715432947
-0.727153830905135
1.043594210090943
-0.5684853031243203
0.007598322314463544
0.4992312384195993
-0.2917752731218264
-0.04626993914278207
-0.9711270569012005
-0.36654312581202914
-0.05859706792540807
0.2173649750975995
-0.08662531188351377
0.3089051862167924
-2.789785727804634
0.0330589213337102
0.37775031779539137
-2.058814939055831
-1.3935375089659405
-0.06299995749947468
-0.5510539894058443
-0.37389798454897993
0.19868652087342267
0.0941657541573481
0.472390465939255
0.014651308368352128
-0.7784177435371645
0.2489764763108737
0.30015188749489724
-1.761299760651931
1.5583207757344892
-0.8693122545142654
0.058945972512664764
0.932788435177847
0.23951531756530242
-0.26105145778739514
0.12255128301677112
0.26804613341821715
-1.2406382852062308
0.7825459338494424
0.9189787848987296
0.42737021917683704
-1.4132114053827676
-1.4313897839936522
-3.1429097962590413
0.3751396666097959
0.012309471265670674
-1.5261003989781472
0.8202020881966546
-0.7808562308859083
1.945031284193567
-0.6771067245647128
-0.8833863110634916
-0.40682620698485017
0.880177860195782
-0.8994558535239642
0.40239266551658576
-0.27502759261862775
0.9592543477616964
0.19614749099289802
1.45896972016082
1.0559056407128329
0.7741835859061382
1.0955858952916728
-1.0229028958075588
-1.6707297247076267
0.8373623221143803
-0.8835689792857547
-1.5880740948128045
0.2206042768321526
0.8983954936778992
-1.6645479000446846
0.889349834991317
-0.33135631259892373
1.1801649989113276
-0.42547241977965805
1.375600487158598
0.6385442325633157
0.7690272011243181
-0.29645371911642937
0.8442148818326645
-1.0503947859895921
-0.44008566731310644
-0.14606468065775347
0.7090676909461802
0.7754769105663131
0.9220483040203507
-0.27830968798328576
-0.7988882614608662
-1.425418948084308
-0.8572594727003154
2.3452273891963107
0.6421587103908367
0.08992032523500111
-1.5885984868922849
0.45245413417602676
1.2685830845101995
1.676395025708978
2.2719211026014414
-0.6478684864807188
0.5303149997581623
-1.173875752772217
-0.6779777346654632
1.7027115680141958
0.694844817746053
0.6794112884921136
-0.9657733001244467
0.8529902402596896
0.9888837456636389
-0.0018505511504665819
0.325765018938666
0.3543355012224241
0.5294486614079619
-2.093654778920335
1.0061233448675906
1.5729374370290288
1.1573891356872583
-0.6595388216947239
1.2127265420336095
0.625944327592401
0.22480225413099425
-0.8128896429275271
-0.8379817567681892
-0.5663140432388127
-1.3825082132919668
0.8242346241008052
0.4274731164705006
-0.9693594008467962
0.07770545088808867
0.4673643482413596
1.2442916816953682
-2.0134014471140866
-0.6076153628275309
1.3706418608039848
1.5556827197574161
-0.11504284899545843
1.020750007433987
2.35554364177069
0.89840694299359
0.3670105632885979
0.07132278099596798
-0.09530369178963591
-1.2777286662683631
-0.5162253476667716
-2.2786666137339666
0.5472254741092551
-0.14916921379400158
-0.8768395183805867
0.23267619426700364
-0.22887017576631694
-1.519501506826075
-2.292989772488781
-1.967723009106039
0.46280546024088437
1.4211694641430708
0.15514326815448698
-1.2170799316058618
0.9620342154075241
0.2158581419468454
-1.3878259266360227
1.743995706018772
-1.5011830190425566
-0.07356958908648857
-1.4226884428091586
-2.4127086532060478
0.5024430084550795
-0.007047247296140645
0.47033776289634543
-0.1123557836904905
-0.0009007596345823502
-0.19515194675196385
0.8418226647147279
0.6358316806561481
0.46239254896576437
0.9327400582627704
-0.30640687203370615
-0.91896214901287
-1.2076927369304742
2.0266452156547636
-0.4396207908280289
0.34730874778614623
0.26039531627487317
-2.4146019161057106
-1.0023444490973057
-0.33832086812125306
1.1478756777622472
0.685451388637779
-0.9591712572570164
2.5066610787259695
0.369308735832435
0.4635985974908781
1.0203405992460888
0.01832615825217184
-0.007725386613452146
0.31046975618504596
0.9544003066113116
-0.25786879048605393
0.9175805330932969
0.24436274092598276
1.9434630120325922
-1.7135589045959687
2.161518144387881
0.8808159945536137
0.6749144466152232
1.4185990661133852
-2.4884751314078044
-0.5593351601962031
0.6717619577284342
-3.097164202804385
0.7969013149874671
-0.37787337070501786
-2.164603242818331
0.12014925511570752
-0.8919646075700863
-0.43508750047165023
-0.20562209672842818
-2.3398854129971416
1.308913420579212
0.48142353012897576
0.013125224490226071
1.8045204763112281
0.1957735336521392
-0.7014989852979613
0.3259739515306556
0.23922690197530075
0.7816290595524795
-1.444141652401545
-0.26585991371043516
0.837587002267343
-0.937321714051347
1.1068813053869726
1.3301220318380966
1.5726245743927103
1.0857068738774862
1.079693052881044
-0.13681529805210918
-0.17728544661854304
0.24179219338330224
-0.3743089847264975
-1.4862812213180467
-1.6300372098958644
-0.4179257976068322
-1.4763163172610847
-0.27552650730416584
0.4492367770635772
0.6834411665662179
0.9690909928606126
-0.7492972256188143
-0.5329463469833946
0.6781588406080938
0.09562558270173216
-1.132588558325578
-1.3383727848410465
0.13628188560219243
-0.030699613667533657
-0.6098227269149857
-0.48887204066397005
-0.27726796528611297
0.9393812444645236
-0.47783208021673834
1.4220077365027577
-0.7327323441437065
-2.632349167404771
-0.04150429815031943
2.4841264110523764
-0.9774192397770209
-0.01435764512405068
-1.2851092975065355
-0.1694476462281689
0.052514374705669546
0.42668523236030725
0.7590119977484496
1.6511547770981723
0.045583216375303943
-0.4336561714750682
-0.7802533326717145
-0.7195574215555914
0.7071314457629163
-1.3407633234799554
-0.3005741432965072
0.871905004764402
-1.5300455221191387
-0.3043050060555731
0.6318794541646846
-0.7036470054150967
-0.9694720577574858
-0.7542570666150482
-1.8558902616721213
0.5924286636200831
0.16727782293012908
-0.9871432566735754
-1.3619026336491276
0.7233512275148258
-2.270005018204172
1.1420622166183105
1.5477664786299803
0.7703280775634049
0.3634072678137808
-1.9539668768044358
0.8140063070490685
-0.12746200786691161
-1.337350185028672
-0.07706897242376207
-1.4384173311955704
-1.2890346032712752
0.37135731103112724
1.2474545696986015
-0.8337230988223419
-0.3916467241042979
-1.7833403041629348
0.7894503357765044
0.8250166835953723
-1.379432985716769
0.3329587479068293
-0.5792922329232854
0.995113931161328
-1.1543603337916795
0.5702910128865037
0.2586413559858846
1.4728633813601444
1.0993587351239449
1.9828600185898546
0.20329667557371783
0.5241674160638865
0.9508892587164719
-2.131522728042174
-2.1708742374149432
-1.2905444697771091
-0.2493237051161525
-1.072117912972903
-0.7781393115791969
0.5653295559897846
-0.7147569037281792
-1.5539592359279821
-0.2993209773739423
0.08172561272873409
-0.08133291476668353
0.6562665166803041
0.9542340883770448
1.8560672013829684
-0.062099983011648346
1.1458427353460556
-0.25682909079360283
0.34737614869638106
-0.6086492217016899
0.8849751522172808
0.6641209806112988
0.8313840464675737
-0.4367506224361528
0.239090833697115
-0.32476067203492054
-0.5380975463089331
0.6632476340350455
0.24728844586198115
0.17097031873240306
0.8067838491617118
0.9996936736900371
-2.081333068520144
0.19980027007993365
0.2190732811576743
0.0019037158193402107
-0.07186634717308502
-0.41577590848625234
0.1264608018669648
0.44438793271312893
-0.03856420380148522
-0.885432025890472
-0.4627554634371062
-1.5717241168321037
-0.6271646474318581
-1.9402576652118004
-1.2954440401650613
0.3858621245723165
0.17138891837701917
0.0791934763145763
-0.3482240999050817
0.2785774125327392
0.48247644751872615
-3.755743867732738
0.1842166998548772
1.4828685827116062
-0.2541035630393851
0.06353330899852204
0.8263131733207865
-0.003321361213494236
-0.24560196652749836
0.08377860601362178
-0.1416578983883598
-1.325563143769486
0.7884875560566357
1.2451743925335708
-0.4915908878322352
1.5058816886610817
0.8656165589352394
0.5807954336276973
-1.3667460381871104
0.305078559936918
1.0617976108872615
-1.8027444416269907
0.6811363102746348
-1.508698234720796
-1.025696906965874
-0.12662722761110068
0.775468168377424
0.4510407048488097
0.3034172922257466
-0.44524996695118746
1.0957611112256498
-0.6079304726563234
-0.73870289994731
1.135884724534354
-0.31133502132044644
0.12540910977099265
0.27422599613039617
-0.3594129210651568
1.050768746196449
-1.6823754020609731
0.2722368514640596
-0.8378868145079056
1.1425503178003509
-1.0164046060550336
-0.4019171958239682
1.2142608085187552
-0.6469518328204905
0.0437217622220799
-1.5267029778946282
0.7756303882987464
0.96450878671198
-1.5797671047072968
-1.26995456600033
0.5341765815206494
0.13578803208567344
-0.19708142145856444
1.1815196563679935
-1.0321958948854009
-1.529588056698714
0.5577973734085491
0.32756152674681366
-0.7140100265477751
-0.2775674902020871
-0.3760156107133971
0.7318378626934291
1.2063377365424692
0.9240436308466937
-0.1903852857638524
-0.0669704486481513
0.18262206546369159
-1.056713701448732
-0.5618002137392849
0.007945243805146345
-0.11753425432802794
0.41467649101518
-1.0283948886419532
0.22639243492536149
-0.9986515229255225
0.3459084610408698
1.284909920538389
2.96820661484778
-1.3276815625394374
-0.348839909714437
-1.3854162529299041
-0.5170316185223295
-1.008888927020784
0.7858693430484311
1.6379879610928598
0.24587312093924302
0.16603094606264243
-1.2130915219818765
-0.40179391999036934
0.8944377859419976
-0.31116018781123606
-0.22521530439036358
-0.03405918085097034
0.7982473530765416
-0.6077217552430467
1.846699970114055
-0.795716844788112
-0.9190277038623291
0.4111742362973152
-0.6836206672202019
-0.5732639528489715
-1.4135912704121032
0.641896022969802
0.7389642762230809
-0.10276747258586658
0.5699797696060432
-1.415394293874647
-0.5830649513921043
-0.8568225999948655
-2.6309158454771304
-1.1139443296650737
-1.5483154478376375
0.4098249423159476
1.138836686124929
1.1522562327697081
0.9582587964476531
0.5251765111718288
-0.2842750644651992
-0.03884658816738377
-0.807189222480815
1.1771929155138323
-1.591688921092653
-0.6932898690044544
0.16614776493623867
-0.4032708961296488
2.070619814850418
1.9792767927089236
0.21613374072133104
1.4052276993036037
-2.459304347130893
0.715282398177554
-1.5632552896226477
0.37359019189383297
0.9488253816516258
1.1228146472068512
0.08618679515620234
-0.8186562052460048
0.1677613995823103
-0.3074090031972507
0.036705292274690035
-0.6698986340248269
0.3108539636488188
1.8431849331822767
0.504734460617847
-0.5180135605508858
-0.7314124523932116
-1.3900884919684453
-0.5005223768959826
0.7499348357169644
0.9262878073388782
-0.4471165196628021
1.0698042409775033
1.0028051532351467
1.3468854713097778
0.9698924628705198
-1.3343030010051378
0.5591682136353722
-0.31562897304345583
-0.5023880702729626
1.4178865332727735
2.121915543277687
0.7122149654317985
0.04692153413872954
0.14026801555081297
0.21716989288222735
2.749338002412484
-0.11073391795023955
-0.02142214946381948
0.8600041518454461
-2.423780930138199
0.9365864568084357
-0.8433389541522224
0.31085948795150564
-1.382592224604215
-2.0213332394294063
0.9613173936781617
0.5758628066922373
-0.47553501015395633
0.1441645767576862
0.3661183290418323
-0.5785177060135388
0.48649519892848647
0.1892282391265443
0.3942456567804643
-0.1207500377957785
-0.675245075187138
1.1662527862931351
-0.6881766968310423
0.12854381767677217
0.4048961649946959
0.5410081857759655
0.5997554535464121
-1.091738501357723
0.10210579679108091
-0.6981265643219845
-0.6907933240009011
0.19028350297749497
0.0024851384634650133
0.0424855371854616
-0.2760467369065319
0.04256421084416073
0.3412929324511507
-0.8331042982232624
0.12560111135657237
0.7765895115598694
-0.19040703301140577
1.1763026746466747
1.0412472759946825
0.14381456890717612
-1.00921830197376
0.5405188291356159
0.6670254099531037
-0.5522895165187559
-0.001622454848951901
-1.324658573798729
2.4101775399342946
-0.3678371889321219
1.3109206918598455
1.658950408433796
-0.48659805383775523
-0.29468168246108933
-0.34141144328709533
1.8755433059425584
0.1495094837395132
1.2463164372328697
-0.9659743969079634
-0.2408438053581665
1.0342641570392799
-0.6497480973058433
0.7996286303805966
-1.8208288055510087
0.5468840121858652
-1.680507796808124
-1.2648901429351584
0.8316065758957882
-0.6726043791433196
-1.1056438551922723
-0.19278517335080556
0.36368594780548197
-1.192821910002849
0.5030661590110511
-1.7142135129823535
-0.8723315197448415
0.47361786599959455
0.6948905411007374
-1.0603569966675495
1.1438134757763574
-0.015413280592623674
0.030835826756367674
0.6894666698554757
0.5752006445589012
-0.7702267289483571
-0.28854199960959714
-0.1178607401523013
-0.31406937575836025
-0.25123370410714446
0.3666354784393465
-0.6403553557129519
1.4438461216273455
1.2433090018984851
1.0795812648956373
1.1183130099497316
-1.0277525276878898
-0.13057374915976042
-0.9867514254037554
1.0116147906623276
-0.3731790317452798
1.6201135141458696
3.0223001116955914
-0.29402685591118627
-0.3615285835597625
0.3859688610017573
1.095452736045459
0.12060347284749623
1.2166237570779068
-0.807323065854666
-1.645478374289221
-1.4235202284720159
-0.18921436386165325
-0.5305143477426548
-0.7625509569106672
0.9321245002877724
1.5168378381238592
-0.3485045881463412
0.5043307567449954
0.10334857338619313
0.31594780546972534
-2.7239504089991193
1.6671671781911772
-0.06662014475632229
-1.0485658336792378
-0.48822339028090794
0.211587409978975
0.852026408643656
-0.18653659558901797
0.20303145619568322
0.5376479093862164
1.493769037771917
-0.08708412353129402
0.9885965497539891
-0.5646785591629624
-1.4002116489053869
-0.16703559733340306
-0.964454269849877
-1.33378915325823
-3.2262748566596153
-1.000861735302307
2.5545123598844133
-0.7088973670006183
-1.3232082245267605
-1.0368985705012292
-0.3172453765344642
-1.8524758352581185
0.3235072018649829
-1.0133564967208482
1.087352189521288
-1.1332395016748393
0.6630651103765773
1.597491370760871
0.8128815014884089
0.661172734894267
0.15529861742167841
1.8933040919314417
1.1169013782989134
0.5542966230452661
1.176594828355954
-0.19699660350804812
1.6423473403718474
-0.27281472835740606
0.5870728349959498
-0.1402665230742772
0.3734545293177439
1.2894148630775453
2.025489925080631
-2.574522659368949
1.1806659990904154
0.7666209051101884
0.022797195195430442
-1.1958250502496812
-0.24657750439441176
0.6394896718918107
0.9176798796450417
1.7995136663045384
-0.3363315142316169
-0.5183419909566757
0.0962580506376932
1.1865447432235727
-1.1605257967376112
-2.2418306890508655
0.12304272272194368
0.8599247607326237
-0.03938073733393877
-0.37605684920597965
0.07839225531980157
-1.0436291853085793
-1.313641682172287
0.7140781254851296
0.47283970544286774
0.8755309343517389
0.1519270565351497
-0.32819387007712536
-2.490448272443976
-0.4324235221715279
0.049509821617477266
-1.0155039820016278
1.0371060542670012
1.8852926818703328
1.1411632842908368
-1.373773154741205
-0.680386819677302
-0.6079430686608351
0.22563127124267982
-1.3696406043085732
-0.4071310772153328
-0.6231161794724946
0.6525561395696893
-0.86142414549582
-1.5636691571810022
0.3911579340926937
0.785466981582336
-1.0413349405616985
-1.225642872503208
0.8486289104449094
-0.5859986264004586
